[属性描述]
格式版本号=
数据产生单位=
数据产生日期=
坐标系=2000国家大地坐标系
几度分带=3
投影类型=高斯克吕格
计量单位=米
带号=37
精度=0.001
转换参数=,,,,,,
[地块坐标]
5,109.43,1,,面,,,,@
J1,1,2369625.708,37465566.598
J2,1,2369635.954,37465579.173
J3,1,2369628.036,37465584.762
J4,1,2369623.845,37465578.707
J5,1,2369625.708,37465566.598
85,14969.76,2,,面,,,,@
J1,1,2369547.706,37465421.882
J2,1,2369516.948,37465593.993
J3,1,2369510.334,37465592.340
J4,1,2369507.688,37465591.678
J5,1,2369505.042,37465590.025
J6,1,2369501.735,37465581.095
J7,1,2369497.766,37465576.465
J8,1,2369496.774,37465571.835
J9,1,2369494.459,37465568.197
J10,1,2369488.836,37465564.228
J11,1,2369481.891,37465563.897
J12,1,2369479.576,37465563.897
J13,1,2369476.930,37465556.290
J14,1,2369479.907,37465551.660
J15,1,2369481.230,37465547.361
J16,1,2369480.899,37465546.699
J17,1,2369477.922,37465543.723
J18,1,2369475.938,37465543.723
J19,1,2369473.623,37465543.392
J20,1,2369469.985,37465542.730
J21,1,2369464.362,37465538.100
J22,1,2369455.102,37465537.439
J23,1,2369453.779,37465547.030
J24,1,2369455.102,37465555.298
J25,1,2369454.110,37465565.220
J26,1,2369449.480,37465568.527
J27,1,2369445.511,37465565.881
J28,1,2369439.558,37465566.212
J29,1,2369437.243,37465569.519
J30,1,2369435.258,37465574.150
J31,1,2369433.935,37465582.418
J32,1,2369434.927,37465590.355
J33,1,2369431.289,37465595.647
J34,1,2369427.651,37465597.301
J35,1,2369424.344,37465596.639
J36,1,2369416.407,37465596.309
J37,1,2369414.091,37465596.639
J38,1,2369413.761,37465591.017
J39,1,2369412.438,37465582.418
J40,1,2369409.461,37465580.103
J41,1,2369410.123,37465573.157
J42,1,2369410.123,37465568.527
J43,1,2369413.761,37465564.228
J44,1,2369419.052,37465566.543
J45,1,2369424.013,37465560.920
J46,1,2369426.328,37465558.275
J47,1,2369426.659,37465554.306
J48,1,2369422.690,37465550.668
J49,1,2369424.013,37465542.069
J50,1,2369420.045,37465536.446
J51,1,2369416.407,37465535.785
J52,1,2369415.084,37465534.131
J53,1,2369415.084,37465528.509
J54,1,2369415.745,37465522.887
J55,1,2369422.029,37465519.910
J56,1,2369424.675,37465514.288
J57,1,2369427.321,37465502.051
J58,1,2369429.966,37465495.767
J59,1,2369433.605,37465494.113
J60,1,2369436.912,37465494.113
J61,1,2369441.211,37465486.176
J62,1,2369445.180,37465479.230
J63,1,2369450.141,37465452.110
J64,1,2369454.440,37465449.795
J65,1,2369456.756,37465447.480
J66,1,2369456.756,37465441.527
J67,1,2369458.409,37465433.259
J68,1,2369461.386,37465427.636
J69,1,2369465.024,37465427.636
J70,1,2369468.993,37465426.644
J71,1,2369475.938,37465421.352
J72,1,2369479.245,37465416.722
J73,1,2369488.506,37465414.407
J74,1,2369495.120,37465416.392
J75,1,2369500.743,37465418.707
J76,1,2369504.050,37465419.037
J77,1,2369509.011,37465418.045
J78,1,2369515.956,37465417.384
J79,1,2369521.579,37465418.376
J80,1,2369526.540,37465420.691
J81,1,2369534.146,37465418.707
J82,1,2369534.808,37465415.069
J83,1,2369538.777,37465414.407
J84,1,2369543.738,37465419.368
J85,1,2369547.706,37465421.882
30,459.73,3,,面,,,,@
J1,1,2369524.224,37465594.655
J2,1,2369546.383,37465595.978
J3,1,2369543.076,37465608.215
J4,1,2369541.422,37465612.514
J5,1,2369537.123,37465615.822
J6,1,2369532.823,37465612.184
J7,1,2369528.855,37465612.184
J8,1,2369521.579,37465611.191
J9,1,2369515.295,37465609.207
J10,1,2369514.633,37465606.561
J11,1,2369513.310,37465603.915
J12,1,2369509.672,37465601.600
J13,1,2369504.381,37465598.954
J14,1,2369502.727,37465595.647
J15,1,2369503.389,37465593.993
J16,1,2369509.011,37465595.647
J17,1,2369516.287,37465599.616
J18,1,2369518.271,37465599.616
J19,1,2369521.579,37465601.600
J20,1,2369525.547,37465601.270
J21,1,2369528.524,37465601.270
J22,1,2369531.501,37465600.277
J23,1,2369532.493,37465598.954
J24,1,2369524.224,37465594.655
J1,2,2369540.100,37465602.592
J2,2,2369537.123,37465603.915
J3,2,2369536.131,37465606.561
J4,2,2369538.115,37465609.207
J5,2,2369539.769,37465607.884
J6,2,2369540.100,37465602.592
29,989.25,4,,面,,,,@
J1,1,2369540.916,37465659.841
J2,1,2369543.467,37465669.923
J3,1,2369535.636,37465667.806
J4,1,2369540.916,37465659.841
J1,2,2369548.124,37465648.968
J2,2,2369540.916,37465659.841
J3,2,2369539.022,37465652.355
J4,2,2369535.424,37465667.595
J5,2,2369535.424,37465648.968
J6,2,2369548.124,37465648.968
J1,3,2369574.925,37465646.968
J2,3,2369574.925,37465709.476
J3,3,2369557.727,37465709.476
J4,3,2369557.727,37465646.968
J5,3,2369574.925,37465646.968
J1,4,2369571.949,37465650.937
J2,4,2369561.073,37465650.930
J3,4,2369561.033,37465688.329
J4,4,2369571.947,37465688.329
J5,4,2369571.949,37465650.937
J1,5,2369570.161,37465652.941
J2,5,2369570.161,37465668.684
J3,5,2369562.356,37465668.684
J4,5,2369562.356,37465652.941
J5,5,2369570.161,37465652.941
J1,6,2369570.201,37465669.852
J2,6,2369570.201,37465687.421
J3,6,2369562.263,37465669.852
J4,6,2369570.201,37465669.852
19,165.20,5,,面,,,,@
J1,1,2369600.538,37465565.682
J2,1,2369600.538,37465568.857
J3,1,2369599.109,37465569.651
J4,1,2369596.252,37465569.016
J5,1,2369596.887,37465565.841
J6,1,2369599.109,37465564.571
J7,1,2369600.538,37465565.682
J1,2,2369606.888,37465554.887
J2,2,2369607.523,37465558.538
J3,2,2369607.206,37465562.825
J4,2,2369605.142,37465566.952
J5,2,2369602.443,37465565.682
J6,2,2369600.221,37465562.666
J7,2,2369596.411,37465562.348
J8,2,2369593.236,37465558.697
J9,2,2369597.522,37465552.347
J10,2,2369600.697,37465550.442
J11,2,2369603.872,37465550.442
J12,2,2369606.888,37465554.887